***************** SVM *************************** 

Génération du classifieur en cours ...
Le classifieur a été généré avec succès ! 

Temps de calcul de la génération :  251.71677350997925  secondes
La machine effectue le test ...
0
100
200
300
400
500
600
700
800
900
1000
1100
1200
1300
1400
1500
1600
1700
1800
1900
2000
2100
2200
2300
2400
2500
2600
2700
2800
2900
3000
3100
3200
3300
3400
3500
3600
3700
3800
3900
4000
4100
4200
4300
4400
4500
4600
4700
4800
4900
5000
5100
5200
5300
5400
5500
5600
5700
5800
5900
6000
6100
6200
6300
6400
6500
6600
6700
6800
6900
7000
7100
7200
7300
7400
7500
7600
7700
7800
7900
8000
8100
8200
8300
8400
8500
8600
8700
8800
8900
9000
9100
9200
9300
9400
9500
9600
9700
9800
9900
Temps de calcul du test :  467.3163969516754  secondes

analyse 
              precision    recall  f1-score   support

 T-shirttop       0.82      0.87      0.85      1000
     Trouser       0.99      0.99      0.99      1000
    Pullover       0.84      0.83      0.83      1000
       Dress       0.91      0.91      0.91      1000
        Coat       0.85      0.85      0.85      1000
      Sandal       0.98      0.96      0.97      1000
       Shirt       0.77      0.72      0.75      1000
     Sneaker       0.95      0.96      0.95      1000
         Bag       0.98      0.98      0.98      1000
  Ankle boot       0.96      0.97      0.96      1000

    accuracy                           0.90     10000
   macro avg       0.90      0.90      0.90     10000
weighted avg       0.90      0.90      0.90     10000

